object FormMain: TFormMain
  Left = 0
  Top = 0
  ClientHeight = 429
  ClientWidth = 320
  Padding.Left = 8.000000000000000000
  Padding.Top = 8.000000000000000000
  Padding.Right = 8.000000000000000000
  Padding.Bottom = 8.000000000000000000
  FormFactor.Width = 320
  FormFactor.Height = 480
  FormFactor.Devices = [Desktop]
  OnCreate = FormCreate
  DesignerMasterStyle = 3
  object Button1: TButton
    Align = Top
    Position.X = 8.000000000000000000
    Position.Y = 48.000000000000000000
    Size.Width = 304.000000000000000000
    Size.Height = 49.000000000000000000
    Size.PlatformDefault = False
    TabOrder = 0
    Text = 'ShowMessage'
    OnClick = Button1Click
  end
  object ComboBox1: TComboBox
    Align = Top
    Margins.Bottom = 8.000000000000000000
    Position.X = 8.000000000000000000
    Position.Y = 8.000000000000000000
    Size.Width = 304.000000000000000000
    Size.Height = 32.000000000000000000
    Size.PlatformDefault = False
    TabOrder = 1
    OnChange = ComboBox1Change
  end
  object TimeEdit1: TTimeEdit
    Time = 0.684027777777777800
    Position.X = 16.000000000000000000
    Position.Y = 112.000000000000000000
    Size.Width = 113.000000000000000000
    Size.Height = 32.000000000000000000
    Size.PlatformDefault = False
    TabOrder = 3
  end
  object DateEdit1: TDateEdit
    Date = 42831.000000000000000000
    Position.X = 16.000000000000000000
    Position.Y = 160.000000000000000000
    Size.Width = 145.000000000000000000
    Size.Height = 32.000000000000000000
    Size.PlatformDefault = False
    TabOrder = 4
  end
end
